dim_field_V!
  3

no_basis_V!
  10

V_basis!
  1  -3  -3  -3   2   4   4   2   4   2
  0  -1   0   0   2   0   0   0   0   0
  0   0  -1   0   0   0   0   2   0   0
  0   0   0  -1   0   0   0   0   0   2
  0   4   0   0  -4  -4  -4   0   0   0
  0   0   4   0   0  -4   0  -4  -4   0
  0   0   0   4   0   0  -4   0  -4  -4
  0   0   0   0   0   4   0   0   0   0
  0   0   0   0   0   0   4   0   0   0
  0   0   0   0   0   0   0   0   4   0

V_P_basis!
  0   1   0   0   2   1   1   0   0   0
  0   0   1   0   0   1   0   2   1   0
  0   0   0   1   0   0   1   0   1   2

V_xi_coordinates!
  0   0   0
  1   0   0
  0   1   0
  0   0   1
  0.5   0   0
  0   0.5   0
  0   0   0.5
  0.5   0.5   0
  0.5   0   0.5
  0   0.5   0.5

V_basis_ordering!
  1  1  1
  3  1  1
  1  3  1
  1  1  3
  2  1  1
  1  2  1
  1  1  2
  2  2  1
  2  1  2
  1  2  2

