dim_field_V!
  3

no_basis_V!
  20

V_basis!

    1.0  -5.5  -5.5  -5.5   9.0  18.0  18.0   9.0  18.0   9.0  -4.5 -13.5 -13.5  -4.5 -13.5 -13.5  -4.5 -13.5 -13.5 -27.0
    0.0   1.0   0.0   0.0  -4.5   0.0   0.0   0.0   0.0   0.0   4.5   0.0   0.0   0.0   0.0   0.0   0.0   0.0   0.0   0.0  
    0.0   0.0   1.0   0.0   0.0   0.0   0.0  -4.5   0.0   0.0   0.0   0.0   0.0   4.5   0.0   0.0   0.0   0.0   0.0   0.0
    0.0   0.0   0.0   1.0   0.0   0.0   0.0   0.0   0.0  -4.5   0.0   0.0   0.0   0.0   0.0   0.0   4.5   0.0   0.0   0.0
    0.0   9.0   0.0   0.0 -22.5 -22.5 -22.5   0.0   0.0   0.0  13.5  27.0  27.0   0.0  13.5   0.0   0.0  13.5   0.0  27.0
    0.0  -4.5   0.0   0.0  18.0   4.5   4.5   0.0   0.0   0.0 -13.5 -13.5 -13.5   0.0   0.0   0.0   0.0   0.0   0.0   0.0
    0.0   0.0   9.0   0.0   0.0 -22.5   0.0 -22.5 -22.5   0.0   0.0  13.5   0.0  13.5  27.0  27.0   0.0   0.0  13.5  27.0
    0.0   0.0  -4.5   0.0   0.0   4.5   0.0  18.0   4.5   0.0   0.0   0.0   0.0 -13.5 -13.5 -13.5   0.0   0.0   0.0   0.0
    0.0   0.0   0.0   9.0   0.0   0.0 -22.5   0.0 -22.5 -22.5   0.0   0.0  13.5   0.0   0.0  13.5  13.5  27.0  27.0  27.0
    0.0   0.0   0.0  -4.5   0.0   0.0   4.5   0.0   4.5  18.0   0.0   0.0   0.0   0.0   0.0   0.0 -13.5 -13.5 -13.5   0.0
    0.0   0.0   0.0   0.0   0.0  -4.5   0.0   0.0   0.0   0.0   0.0  13.5   0.0   0.0   0.0   0.0   0.0   0.0   0.0   0.0
    0.0   0.0   0.0   0.0   0.0  -4.5   0.0   0.0   0.0   0.0   0.0   0.0   0.0   0.0  13.5   0.0   0.0   0.0   0.0   0.0
    0.0   0.0   0.0   0.0   0.0   0.0  -4.5   0.0   0.0   0.0   0.0   0.0  13.5   0.0   0.0   0.0   0.0   0.0   0.0   0.0
    0.0   0.0   0.0   0.0   0.0   0.0  -4.5   0.0   0.0   0.0   0.0   0.0   0.0   0.0   0.0   0.0   0.0  13.5   0.0   0.0
    0.0   0.0   0.0   0.0   0.0   0.0   0.0   0.0  -4.5   0.0   0.0   0.0   0.0   0.0   0.0  13.5   0.0   0.0   0.0   0.0
    0.0   0.0   0.0   0.0   0.0   0.0   0.0   0.0  -4.5   0.0   0.0   0.0   0.0   0.0   0.0   0.0   0.0   0.0  13.5   0.0
    0.0   0.0   0.0   0.0   0.0  27.0   0.0   0.0   0.0   0.0   0.0 -27.0   0.0   0.0 -27.0   0.0   0.0   0.0   0.0 -27.0
    0.0   0.0   0.0   0.0   0.0   0.0  27.0   0.0   0.0   0.0   0.0   0.0 -27.0   0.0   0.0   0.0   0.0 -27.0   0.0 -27.0
    0.0   0.0   0.0   0.0   0.0   0.0   0.0   0.0  27.0   0.0   0.0   0.0   0.0   0.0   0.0 -27.0   0.0   0.0 -27.0 -27.0
    0.0   0.0   0.0   0.0   0.0   0.0   0.0   0.0   0.0   0.0   0.0   0.0   0.0   0.0   0.0   0.0   0.0   0.0   0.0  27.0


V_P_basis!
  0   1   0   0   2   1   1   0   0   0   3   2   2   0   1   0   0   1   0   1
  0   0   1   0   0   1   0   2   1   0   0   1   0   3   2   2   0   0   1   1
  0   0   0   1   0   0   1   0   1   2   0   0   1   0   0   1   3   2   2   1

V_xi_coordinates!

  0.0000000000000000 0.0000000000000000 0.0000000000000000
  1.0000000000000000 0.0000000000000000 0.0000000000000000
  0.0000000000000000 1.0000000000000000 0.0000000000000000
  0.0000000000000000 0.0000000000000000 1.0000000000000000
  0.3333333333333333 0.0000000000000000 0.0000000000000000
  0.6666666666666666 0.0000000000000000 0.0000000000000000
  0.0000000000000000 0.3333333333333333 0.0000000000000000
  0.0000000000000000 0.6666666666666666 0.0000000000000000
  0.0000000000000000 0.0000000000000000 0.3333333333333333
  0.0000000000000000 0.0000000000000000 0.6666666666666666
  0.6666666666666666 0.3333333333333333 0.0000000000000000
  0.3333333333333333 0.6666666666666666 0.0000000000000000
  0.6666666666666666 0.0000000000000000 0.3333333333333333
  0.3333333333333333 0.0000000000000000 0.6666666666666666
  0.0000000000000000 0.6666666666666666 0.3333333333333333
  0.0000000000000000 0.3333333333333333 0.6666666666666666
  0.3333333333333333 0.3333333333333333 0.0000000000000000
  0.3333333333333333 0.0000000000000000 0.3333333333333333
  0.0000000000000000 0.3333333333333333 0.3333333333333333
  0.3333333333333333 0.3333333333333333 0.3333333333333333

V_basis_ordering!
  1  1  1
  4  1  1
  1  4  1
  1  1  4
  2  1  1
  3  1  1
  1  2  1
  1  3  1
  1  1  2
  1  1  3
  3  2  1
  2  3  1
  3  1  2
  2  1  3
  1  3  2
  1  2  3
  2  2  1
  2  1  2
  1  2  2
  2  2  2 
