dim_field_M!
  3

no_basis_M!
  4

M_basis!
  1  -5.5   9      -4.5
  0   9    -22.5    13.5
  0  -4.5  18      -13.5
  0   1   -4.5      4.5

M_P_basis!
  0   1   2  3

M_xi_coordinates!
  0.0
  0.3333333333333333
  0.6666666666666666
  1.0

basis_ordering_M!
  1  1  1
  4  1  1
  1  4  1
  4  4  1
  1  1  4
  4  1  4
  1  4  4
  4  4  4
  2  1  1
  3  1  1
  1  2  1
  2  2  1
  3  2  1
  4  2  1
  1  3  1
  2  3  1
  3  3  1
  4  3  1
  2  4  1
  3  4  1
  1  1  2
  2  1  2
  3  1  2
  4  1  2
  1  2  2
  2  2  2
  3  2  2
  4  2  2
  1  3  2
  2  3  2
  3  3  2
  4  3  2
  1  4  2
  2  4  2
  3  4  2
  4  4  2
  1  1  3
  2  1  3
  3  1  3
  4  1  3
  1  2  3
  2  2  3
  3  2  3
  4  2  3
  1  3  3
  2  3  3
  3  3  3
  4  3  3
  1  4  3
  2  4  3
  3  4  3
  4  4  3
  2  1  4
  3  1  4
  1  2  4
  2  2  4
  3  2  4
  4  2  4
  1  3  4
  2  3  4
  3  3  4
  4  3  4
  2  4  4
  3  4  4

